     registro   ano mes    perc
0           1  2022   1    0.54
1           2  2022   2    1.01
2           3  2022   3    1.62
3           4  2022   4    1.06
4           5  2022   5    0.47
5           6  2022   6    0.67
6           7  2022   7   -0.68
7           8  2022   8     0.0
8           9  2022   9     0.0
9          10  2022  10     0.0
10         11  2022  11     0.0
11         12  2022  12     0.0
12         13  2022  13    4.77
13         14  2021   1    0.25
14         15  2021   2    0.86
15         16  2021   3    0.93
16         17  2021   4    0.31
17         18  2021   5    0.83
18         19  2021   6    0.53
19         20  2021   7    0.96
20         21  2021   8    0.87
21         22  2021   9    1.16
22         23  2021  10    1.25
23         24  2021  11    0.95
24         25  2021  12    0.73
25         26  2021  13   10.06
26         27  2020   1    0.21
27         28  2020   2    0.25
28         29  2020   3    0.07
29         30  2020   4   -0.31
30         31  2020   5   -0.38
31         32  2020   6    0.26
32         33  2020   7    0.36
33         34  2020   8    0.24
34         35  2020   9    0.64
35         36  2020  10    0.86
36         37  2020  11    0.89
37         38  2020  12    1.35
38         39  2020  13    4.52
39         40  2019   1    0.32
40         41  2019   2    0.43
41         42  2019   3    0.75
42         43  2019   4    0.57
43         44  2019   5    0.13
44         45  2019   6    0.01
45         46  2019   7    0.19
46         47  2019   8    0.11
47         48  2019   9   -0.04
48         49  2019  10     0.1
49         50  2019  11    0.51
50         51  2019  12    1.15
51         52  2019  13    4.31
52         53  2018   1    0.29
53         54  2018   2    0.32
54         55  2018   3    0.09
55         56  2018   4    0.22
56         57  2018   5     0.4
57         58  2018   6    1.26
58         59  2018   7    0.33
59         60  2018   8   -0.09
60         61  2018   9    0.48
61         62  2018  10    0.45
62         63  2018  11   -0.21
63         64  2018  12    0.15
64         65  2018  13    3.75
65         66  2017   1    0.38
66         67  2017   2    0.33
67         68  2017   3    0.25
68         69  2017   4    0.14
69         70  2017   5    0.31
70         71  2017   6   -0.23
71         72  2017   7    0.24
72         73  2017   8    0.19
73         74  2017   9    0.16
74         75  2017  10    0.42
75         76  2017  11    0.28
76         77  2017  12    0.44
77         78  2017  13    2.95
78         79  2016   1    1.27
79         80  2016   2     0.9
80         81  2016   3    0.43
81         82  2016   4    0.61
82         83  2016   5    0.78
83         84  2016   6    0.35
84         85  2016   7    0.52
85         86  2016   8    0.44
86         87  2016   9    0.08
87         88  2016  10    0.26
88         89  2016  11    0.18
89         90  2016  12     0.3
90         91  2016  13    6.29
91         92  2015   1    1.24
92         93  2015   2    1.22
93         94  2015   3    1.32
94         95  2015   4    0.71
95         96  2015   5    0.74
96         97  2015   6    0.79
97         98  2015   7    0.62
98         99  2015   8    0.22
99        100  2015   9    0.54
100       101  2015  10    0.82
101       102  2015  11    1.01
102       103  2015  12    0.96
103       104  2015  13   10.67
104       105  2014   1    0.55
105       106  2014   2    0.69
106       107  2014   3    0.92
107       108  2014   4    0.67
108       109  2014   5    0.46
109       110  2014   6     0.4
110       111  2014   7    0.01
111       112  2014   8    0.25
112       113  2014   9    0.57
113       114  2014  10    0.42
114       115  2014  11    0.51
115       116  2014  12    0.78
116       117  2014  13    6.41
117       118  2013   1    0.86
118       119  2013   2     0.6
119       120  2013   3    0.47
120       121  2013   4    0.55
121       122  2013   5    0.37
122       123  2013   6    0.26
123       124  2013   7    0.03
124       125  2013   8    0.24
125       126  2013   9    0.35
126       127  2013  10    0.57
127       128  2013  11    0.54
128       129  2013  12    0.92
129       130  2013  13    5.91
130       131  2012   1    0.56
131       132  2012   2    0.45
132       133  2012   3    0.21
133       134  2012   4    0.64
134       135  2012   5    0.36
135       136  2012   6    0.08
136       137  2012   7    0.43
137       138  2012   8    0.41
138       139  2012   9    0.57
139       140  2012  10    0.59
140       141  2012  11     0.6
141       142  2012  12    0.79
142       143  2012  13    5.84
143       144  2011   1    0.83
144       145  2011   2     0.8
145       146  2011   3    0.79
146       147  2011   4    0.77
147       148  2011   5    0.47
148       149  2011   6    0.15
149       150  2011   7    0.16
150       151  2011   8    0.37
151       152  2011   9    0.53
152       153  2011  10    0.43
153       154  2011  11    0.52
154       155  2011  12     0.5
155       156  2011  13     6.5
156       157  2010   1    0.75
157       158  2010   2    0.78
158       159  2010   3    0.52
159       160  2010   4    0.57
160       161  2010   5    0.43
161       162  2010   6     0.0
162       163  2010   7    0.01
163       164  2010   8    0.04
164       165  2010   9    0.45
165       166  2010  10    0.75
166       167  2010  11    0.83
167       168  2010  12    0.63
168       169  2010  13    5.91
169       170  2009   1    0.48
170       171  2009   2    0.55
171       172  2009   3     0.2
172       173  2009   4    0.48
173       174  2009   5    0.47
174       175  2009   6    0.36
175       176  2009   7    0.24
176       177  2009   8    0.15
177       178  2009   9    0.24
178       179  2009  10    0.28
179       180  2009  11    0.41
180       181  2009  12    0.37
181       182  2009  13    4.31
182       183  2008   1    0.54
183       184  2008   2    0.49
184       185  2008   3    0.48
185       186  2008   4    0.55
186       187  2008   5    0.79
187       188  2008   6    0.74
188       189  2008   7    0.53
189       190  2008   8    0.28
190       191  2008   9    0.26
191       192  2008  10    0.45
192       193  2008  11    0.36
193       194  2008  12    0.28
194       195  2008  13     5.9
195       196  2007   1    0.44
196       197  2007   2    0.44
197       198  2007   3    0.37
198       199  2007   4    0.25
199       200  2007   5    0.28
200       201  2007   6    0.28
201       202  2007   7    0.24
202       203  2007   8    0.47
203       204  2007   9    0.18
204       205  2007  10     0.3
205       206  2007  11    0.38
206       207  2007  12    0.74
207       208  2007  13    4.46
208       209  2006   1    0.59
209       210  2006   2    0.41
210       211  2006   3    0.43
211       212  2006   4    0.21
212       213  2006   5     0.1
213       214  2006   6   -0.21
214       215  2006   7    0.19
215       216  2006   8    0.05
216       217  2006   9    0.21
217       218  2006  10    0.33
218       219  2006  11    0.31
219       220  2006  12    0.48
220       221  2006  13    3.14
221       222  2005   1    0.58
222       223  2005   2    0.59
223       224  2005   3    0.61
224       225  2005   4    0.87
225       226  2005   5    0.49
226       227  2005   6   -0.02
227       228  2005   7    0.25
228       229  2005   8    0.17
229       230  2005   9    0.35
230       231  2005  10    0.75
231       232  2005  11    0.55
232       233  2005  12    0.36
233       234  2005  13    5.69
234       235  2004   1    0.76
235       236  2004   2    0.61
236       237  2004   3    0.47
237       238  2004   4    0.37
238       239  2004   5    0.51
239       240  2004   6    0.71
240       241  2004   7    0.91
241       242  2004   8    0.69
242       243  2004   9    0.33
243       244  2004  10    0.44
244       245  2004  11    0.69
245       246  2004  12    0.86
246       247  2004  13     7.6
247       248  2003   1    2.25
248       249  2003   2    1.57
249       250  2003   3    1.23
250       251  2003   4    0.97
251       252  2003   5    0.61
252       253  2003   6   -0.15
253       254  2003   7     0.2
254       255  2003   8    0.34
255       256  2003   9    0.78
256       257  2003  10    0.29
257       258  2003  11    0.34
258       259  2003  12    0.52
259       260  2003  13     9.3
260       261  2002   1    0.52
261       262  2002   2    0.36
262       263  2002   3     0.6
263       264  2002   4     0.8
264       265  2002   5    0.21
265       266  2002   6    0.42
266       267  2002   7    1.19
267       268  2002   8    0.65
268       269  2002   9    0.72
269       270  2002  10    1.31
270       271  2002  11    3.02
271       272  2002  12     2.1
272       273  2002  13   12.53
273       274  2001   1    0.57
274       275  2001   2    0.46
275       276  2001   3    0.38
276       277  2001   4    0.58
277       278  2001   5    0.41
278       279  2001   6    0.52
279       280  2001   7    1.33
280       281  2001   8     0.7
281       282  2001   9    0.28
282       283  2001  10    0.83
283       284  2001  11    0.71
284       285  2001  12    0.65
285       286  2001  13    7.67
286       287  2000   1    0.62
287       288  2000   2    0.13
288       289  2000   3    0.22
289       290  2000   4    0.42
290       291  2000   5    0.01
291       292  2000   6    0.23
292       293  2000   7    1.61
293       294  2000   8    1.31
294       295  2000   9    0.23
295       296  2000  10    0.14
296       297  2000  11    0.32
297       298  2000  12    0.59
298       299  2000  13    5.97
299       300  1999   1     0.7
300       301  1999   2    1.05
301       302  1999   3     1.1
302       303  1999   4    0.56
303       304  1999   5     0.3
304       305  1999   6    0.19
305       306  1999   7    1.09
306       307  1999   8    0.56
307       308  1999   9    0.31
308       309  1999  10    1.19
309       310  1999  11    0.95
310       311  1999  12     0.6
311       312  1999  13    8.94
312       313  1998   1    0.71
313       314  1998   2    0.46
314       315  1998   3    0.34
315       316  1998   4    0.24
316       317  1998   5     0.5
317       318  1998   6    0.02
318       319  1998   7   -0.12
319       320  1998   8   -0.51
320       321  1998   9   -0.22
321       322  1998  10    0.02
322       323  1998  11   -0.12
323       324  1998  12    0.33
324       325  1998  13    1.66
325       326  1997   1    1.18
326       327  1997   2     0.5
327       328  1997   3    0.51
328       329  1997   4    0.88
329       330  1997   5    0.41
330       331  1997   6    0.54
331       332  1997   7    0.22
332       333  1997   8   -0.02
333       334  1997   9    0.06
334       335  1997  10    0.23
335       336  1997  11    0.17
336       337  1997  12    0.43
337       338  1997  13    5.22
338       339  1996   1    1.34
339       340  1996   2    1.03
340       341  1996   3    0.35
341       342  1996   4    1.26
342       343  1996   5    1.22
343       344  1996   6    1.19
344       345  1996   7    1.11
345       346  1996   8    0.44
346       347  1996   9    0.15
347       348  1996  10     0.3
348       349  1996  11    0.32
349       350  1996  12    0.47
350       351  1996  13    9.56
351       352  1995   1     1.7
352       353  1995   2    1.02
353       354  1995   3    1.55
354       355  1995   4    2.43
355       356  1995   5    2.67
356       357  1995   6    2.26
357       358  1995   7    2.36
358       359  1995   8    0.99
359       360  1995   9    0.99
360       361  1995  10    1.41
361       362  1995  11    1.47
362       363  1995  12    1.56
363       364  1995  13   22.41
364       365  1994   1   41.31
365       366  1994   2   40.27
366       367  1994   3   42.75
367       368  1994   4   42.68
368       369  1994   5   44.03
369       370  1994   6   47.43
370       371  1994   7    6.84
371       372  1994   8    1.86
372       373  1994   9    1.53
373       374  1994  10    2.62
374       375  1994  11    2.81
375       376  1994  12    1.71
376       377  1994  13  916.43
377       378  1993   1   30.35
378       379  1993   2   24.98
379       380  1993   3   27.26
380       381  1993   4   27.75
381       382  1993   5   27.69
382       383  1993   6   30.07
383       384  1993   7   30.72
384       385  1993   8   32.96
385       386  1993   9   35.69
386       387  1993  10   33.92
387       388  1993  11   35.56
388       389  1993  12   36.84
389       390  1992   1   25.94
390       391  1992   2   24.32
391       392  1992   3    21.4
392       393  1992   4   19.93
393       394  1992   5   24.86
394       395  1992   6   20.21
395       396  1992   7   21.83
396       397  1992   8   22.14
397       398  1992   9   24.63
398       399  1992  10   25.24
399       400  1992  11   22.49
400       401  1992  12   25.24
401       402  1991   1   20.75
402       403  1991   2   20.72
403       404  1991   3   11.92
404       405  1991   4    4.99
405       406  1991   5    7.43
406       407  1991   6   11.19
407       408  1991   7   12.41
408       409  1991   8   15.63
409       410  1991   9   15.63
410       411  1991  10   20.23
411       412  1991  11   25.21
412       413  1991  12   23.71
413       414  1991  13  472.69
414       415  1990   1   67.55
415       416  1990   2   75.73
416       417  1990   3   82.39
417       418  1990   4   15.52
418       419  1990   5    7.59
419       420  1990   6   11.75
420       421  1990   7   12.92
421       422  1990   8   12.88
422       423  1990   9   14.41
423       424  1990  10   14.36
424       425  1990  11   16.81
425       426  1990  12   18.44
426       427  1989   1   37.49
427       428  1989   2   16.78
428       429  1989   3    6.82
429       430  1989   4    8.33
430       431  1989   5   17.92
431       432  1989   6   28.65
432       433  1989   7   27.74
433       434  1989   8   33.71
434       435  1989   9   37.56
435       436  1989  10   39.77
436       437  1989  11   47.82
437       438  1989  12    51.5
438       439  1988   1   18.89
439       440  1988   2    15.7
440       441  1988   3    17.6
441       442  1988   4   19.29
442       443  1988   5   17.42
443       444  1988   6    22.0
444       445  1988   7   21.91
445       446  1988   8   21.59
446       447  1988   9   27.45
447       448  1988  10   25.62
448       449  1988  11   27.94
449       450  1988  12    28.7
450       451  1988  13  980.22
451       452  1987   1   13.21
452       453  1987   2   12.64
453       454  1987   3   16.37
454       455  1987   4    19.1
455       456  1987   5   21.45
456       457  1987   6   19.71
457       458  1987   7    9.21
458       459  1987   8    4.87
459       460  1987   9    7.78
460       461  1987  10   11.22
461       462  1987  11   15.08
462       463  1987  12   14.15
463       464  1987  13  363.41
464       465  1986   1   14.37
465       466  1986   2   12.72
466       467  1986   3    4.77
467       468  1986   4    0.78
468       469  1986   5     1.4
469       470  1986   6    1.27
470       471  1986   7    1.71
471       472  1986   8    3.55
472       473  1986   9    1.72
473       474  1986  10     1.9
474       475  1986  11    5.45
475       476  1986  12   11.65
476       477  1986  13   79.66
477       478  1985   1   11.76
478       479  1985   2   10.87
479       480  1985   3   10.16
480       481  1985   4     8.2
481       482  1985   5     7.2
482       483  1985   6    8.49
483       484  1985   7   10.31
484       485  1985   8   12.05
485       486  1985   9   11.12
486       487  1985  10   10.62
487       488  1985  11   13.97
488       489  1985  12   15.07
489       490  1985  13  242.25
490       491  1984   1    9.67
491       492  1984   2     9.5
492       493  1984   3    8.94
493       494  1984   4    9.54
494       495  1984   5    9.05
495       496  1984   6   10.08
496       497  1984   7    9.72
497       498  1984   8    9.35
498       499  1984   9   11.75
499       500  1984  10   10.44
500       501  1984  11   10.53
501       502  1984  12   11.98
502       503  1984  13  215.28
503       504  1983   1    8.64
504       505  1983   2    7.86
505       506  1983   3    7.34
506       507  1983   4    6.58
507       508  1983   5    6.48
508       509  1983   6    9.88
509       510  1983   7   10.08
510       511  1983   8    9.11
511       512  1983   9    10.3
512       513  1983  10    8.87
513       514  1983  11    7.38
514       515  1983  12    8.68
515       516  1983  13   164.0
516       517  1982   1    6.97
517       518  1982   2    6.64
518       519  1982   3    5.71
519       520  1982   4    5.89
520       521  1982   5    6.66
521       522  1982   6     7.1
522       523  1982   7    6.36
523       524  1982   8    5.97
524       525  1982   9    5.08
525       526  1982  10    4.44
526       527  1982  11    5.29
527       528  1982  12    7.81
528       529  1982  13   104.8
529       530  1981   1    6.84
530       531  1981   2     6.4
531       532  1981   3    4.97
532       533  1981   4    6.46
533       534  1981   5    5.56
534       535  1981   6    5.52
535       536  1981   7    6.26
536       537  1981   8     5.5
537       538  1981   9    5.26
538       539  1981  10    5.08
539       540  1981  11    5.27
540       541  1981  12    5.93
541       542  1981  13   95.65
542       543  1980   1    6.62
543       544  1980   2    4.62
544       545  1980   3    6.04
545       546  1980   4    5.29
546       547  1980   5     5.7
547       548  1980   6    5.31
548       549  1980   7    5.55
549       550  1980   8    4.95
550       551  1980   9    4.23
551       552  1980  10    9.48
552       553  1980  11    6.67
553       554  1980  12    6.61
554       555  1980  13   99.28